00 00 c2 08 00 8d 00
00 01 a2 0a 00 7f 00
00 02 c2 0a 00 96 00
00 03 0f 0b 00 bd 00
00 04 b1 0c 00 f7 00
00 05 e1 0d 00 48 01
00 06 c1 0d 00 b3 01
00 07 e1 0f 00 3d 02
00 08 91 0a 00 2a 03
00 09 e1 14 00 a3 03
00 10 c1 14 00 a2 04
00 11 b1 14 00 ce 05
00 12 e1 14 00 2a 07
00 13 0f 14 00 b9 08
00 14 f1 14 00 80 0a
00 15 81 14 00 83 0c
00 16 c1 14 00 c4 0e
00 17 f1 14 00 48 11
00 18 0f 14 00 13 14
00 19 e1 1e 00 27 17
00 20 91 1e 00 8a 1a
00 21 e1 1e 00 3d 1e
00 22 00 1e 00 46 22
00 23 e1 1e 00 a8 26
00 24 91 1e 00 67 2b
00 25 e1 1e 00 86 30
00 26 11 1e 00 09 36
00 27 e1 1e 00 f3 3b
00 28 81 1e 00 49 42
00 29 e1 28 00 0e 49
00 30 91 28 00 46 50
00 31 61 28 00 f5 57
00 32 81 28 00 1e 60
00 33 e1 28 00 c5 68
00 34 91 28 00 ed 71
00 35 61 28 00 9b 7b
00 36 81 28 00 d1 85
00 37 e1 28 00 95 90
00 38 91 28 00 e9 9b
00 39 e1 32 00 a4 a7
00 40 81 32 00 51 b4
00 41 61 32 00 6d c1
00 42 91 32 00 28 cf
00 43 e1 32 00 86 dd
00 44 81 32 00 8b ec
00 45 e1 32 00 3a fc
00 46 91 32 20 97 0c
00 47 61 32 20 a6 1d
00 48 91 32 20 6b 2f
00 49 e1 3c 20 e8 41
00 50 81 3c 20 23 55
00 51 71 3c 20 1e 69
00 52 81 3c 20 de 7d
00 53 e1 3c 20 65 93
00 54 81 3c 20 b9 a9
00 55 71 3c 20 dc c0
00 56 81 3c 20 d2 d8
00 57 e1 3c 20 9e f1
00 58 91 3c 40 46 0b
00 59 e1 46 40 cc 25
00 60 81 46 40 33 41
00 61 71 46 40 81 5d
00 62 81 46 40 b7 7a
00 63 e1 46 40 db 98
00 64 81 46 40 f0 b7
00 65 71 46 40 f9 d7
00 66 81 46 40 fa f8
00 67 e1 46 60 f7 1a
00 68 91 46 60 f4 3d
01 00 0a 08 00 29 00
01 01 a9 0b 00 40 00
01 02 a9 0d 00 5f 00
01 03 29 10 00 8c 00
01 04 b9 11 00 c5 00
01 05 a1 14 00 10 01
01 06 e9 15 00 71 01
01 07 a9 18 00 e6 01
01 08 29 1c 00 7c 02
01 09 e1 18 00 23 03
01 10 a9 18 00 f1 03
01 11 e1 20 00 e1 04
01 12 a1 20 00 f7 05
01 13 49 20 00 35 07
01 14 a1 28 00 9e 08
01 15 e9 28 00 35 0a
01 16 b1 28 00 fd 0b
01 17 e1 30 00 f9 0d
01 18 e9 30 00 2c 10
01 19 a1 30 00 98 12
01 20 e1 30 00 41 15
01 21 a9 30 00 29 18
01 22 e1 38 00 53 1b
01 23 c2 38 00 c3 1e
01 24 a9 38 00 7a 22
01 25 e1 38 00 7c 26
01 26 b9 38 00 cc 2a
01 27 e1 40 00 6d 2f
01 28 a9 40 00 62 34
01 29 c2 40 00 ac 39
01 30 a9 40 00 50 3f
01 31 e1 48 00 50 45
01 32 a1 48 00 af 4b
01 33 c9 48 00 71 52
01 34 a2 48 00 96 59
01 35 e1 48 00 24 61
01 36 b9 48 00 1c 69
01 37 e1 48 00 82 71
01 38 a9 48 00 58 7a
01 39 c2 60 00 a1 83
01 40 a9 60 00 60 8d
01 41 c1 60 00 98 97
01 42 aa 60 00 4c a2
01 43 e1 60 00 7f ad
01 44 a9 60 00 33 b9
01 45 c2 68 00 6c c5
01 46 b9 68 00 2c d2
01 47 e1 68 00 76 df
01 48 aa 68 00 4e ed
01 49 c1 68 00 b5 fb
01 50 e1 68 20 af 0a
01 51 a9 68 20 3f 1a
01 52 e1 68 20 68 2a
01 53 29 68 20 2d 3b
01 54 e1 68 20 8f 4c
01 55 e1 68 20 93 5e
01 56 a9 68 20 3b 71
01 57 f1 68 20 8a 84
01 58 a9 68 20 84 98
01 59 41 68 20 29 ad
01 60 e1 68 20 7f c2
01 61 a9 68 20 87 d8
01 62 e1 68 20 45 ef
01 63 a9 68 40 bb 06
01 64 e1 68 40 ec 1e
01 65 e1 68 40 db 37
01 66 a9 68 40 8b 51
01 67 f1 68 40 ff 6b
01 68 a9 78 40 3a 87
02 00 51 08 05 2c 00
02 01 29 08 05 4c 00
02 02 d1 08 05 76 00
02 03 09 08 05 af 00
02 04 71 08 05 f9 00
02 05 99 08 05 59 01
02 06 51 08 05 d3 01
02 07 39 08 05 69 02
02 08 d1 10 08 20 03
02 09 09 10 08 fa 03
02 10 b9 10 08 fc 04
02 11 59 10 08 2a 06
02 12 b9 10 08 86 07
02 13 59 10 08 15 09
02 14 a9 18 08 d9 0a
02 15 11 18 08 d7 0c
02 16 f9 18 08 13 0f
02 17 19 18 08 8f 11
02 18 f9 18 08 50 14
02 19 09 18 08 58 17
02 20 b9 18 08 ac 1a
02 21 d9 20 08 50 1e
02 22 39 20 08 46 22
02 23 d9 20 08 93 26
02 24 29 20 08 39 2b
02 25 91 20 08 3d 30
02 26 79 20 08 a3 35
02 27 99 20 08 6d 3b
02 28 79 20 08 a0 41
02 29 89 28 0a 3e 48
02 30 39 28 0a 4c 4f
02 31 d9 28 0a ce 56
02 32 39 28 0a c6 5e
02 33 d9 28 0a 39 67
02 34 29 28 0a 29 70
02 35 91 28 0a 9b 79
02 36 79 28 0a 93 83
02 37 99 28 0a 13 8e
02 38 79 28 0a 20 99
02 39 89 30 0a bc a4
02 40 39 30 0a ec b0
02 41 d9 30 0a b4 bd
02 42 39 30 0a 16 cb
02 43 d9 38 0a 17 d9
02 44 29 38 0a b9 e7
02 45 91 38 0a 01 f7
02 46 79 38 2a f3 06
02 47 99 38 2a 91 17
02 48 79 38 2a e0 28
02 49 09 40 2a e2 3a
02 50 99 40 2a 9c 4d
02 51 71 40 2a 12 61
02 52 99 40 2a 46 75
02 53 71 40 2a 3d 8a
02 54 89 40 2a f9 9f
02 55 31 40 2a 7f b6
02 56 d1 40 2a d3 cd
02 57 39 40 2a f7 e5
02 58 d1 40 2a f0 fe
02 59 29 48 4a c0 18
02 60 91 48 4a 6c 33
02 61 71 48 4a f8 4e
02 62 99 48 4a 66 6b
02 63 71 48 4a bb 88
02 64 89 48 4a f9 a6
02 65 31 48 4a 25 c6
02 66 d1 48 4a 43 e6
02 67 39 48 6a 55 07
02 68 d1 50 6a 60 29
03 00 a7 05 00 25 01
03 01 a7 07 00 bb 01
03 02 a7 09 00 5a 02
03 03 a7 0a 00 09 03
03 04 a7 0c 00 c8 03
03 05 a7 0e 00 9d 04
03 06 a7 0e 00 8a 05
03 07 a7 10 00 93 06
03 08 a7 10 00 bd 07
03 09 a7 12 00 07 09
03 10 a7 12 00 7a 0a
03 11 a7 13 00 16 0c
03 12 a7 14 00 df 0d
03 13 a7 15 00 da 0f
03 14 a7 15 00 09 12
03 15 a7 16 00 6e 14
03 16 a7 16 00 11 17
03 17 a7 16 00 f2 19
03 18 a7 15 00 0d 1d
03 19 a7 18 00 80 20
03 20 41 18 00 32 24
03 21 a7 18 00 31 28
03 22 01 18 00 7f 2c
03 23 a7 18 00 22 31
03 24 a7 18 00 1b 36
03 25 41 18 00 6f 3b
03 26 27 18 00 07 41
03 27 27 18 00 36 47
03 28 41 18 00 af 4d
03 29 07 18 00 90 54
03 30 41 18 00 de 5b
03 31 07 18 00 9b 63
03 32 41 18 00 cb 6b
03 33 00 18 00 72 74
03 34 41 18 00 93 7d
03 35 07 18 00 31 87
03 36 41 18 00 50 91
03 37 00 18 00 f4 9b
03 38 41 18 00 20 a7
03 39 00 18 00 d7 b2
03 40 41 18 00 1d bf
03 41 19 18 00 f5 cb
03 42 41 18 00 63 d9
03 43 19 18 00 6b e7
03 44 41 18 00 10 f6
03 45 19 18 20 55 05
03 46 41 18 20 3d 15
03 47 00 18 20 ce 25
03 48 59 18 20 09 37
03 49 00 18 20 f2 48
03 50 41 18 20 8d 5b
03 51 00 18 20 dd 6e
03 52 19 18 20 e6 82
03 53 00 18 20 ab 97
03 54 41 18 20 30 ad
03 55 00 18 20 79 c3
03 56 19 18 20 88 da
03 57 00 18 20 61 f2
03 58 41 18 40 08 0b
03 59 00 18 40 7f 24
03 60 19 18 40 cc 3e
03 61 00 18 40 f1 59
03 62 41 18 40 f1 75
03 63 00 18 40 d1 92
03 64 19 18 40 93 b0
03 65 00 18 40 3b cf
03 66 41 18 40 cc ee
03 67 00 18 60 4b 0f
03 68 00 18 60 bb 30
04 00 c1 00 00 32 00
04 01 d9 00 00 48 00
04 02 82 00 00 6d 00
04 03 b9 00 00 9d 00
04 04 41 0a 00 e1 00
04 05 39 0a 00 34 01
04 06 c1 0a 00 9a 01
04 07 00 0a 00 19 02
04 08 f9 0a 00 b2 02
04 09 00 0f 00 68 03
04 10 e1 0f 00 3e 04
04 11 99 0f 00 38 05
04 12 41 0f 00 58 06
04 13 a1 0f 00 a1 07
04 14 59 0f 00 17 09
04 15 a1 0f 00 bb 0a
04 16 c1 0f 00 91 0c
04 17 19 0f 00 9c 0e
04 18 e1 14 00 e0 10
04 19 81 14 00 5d 13
04 20 79 14 00 19 16
04 21 81 14 00 15 19
04 22 c1 14 00 55 1c
04 23 39 14 00 dc 1f
04 24 c1 14 00 ac 23
04 25 a1 14 00 c8 27
04 26 59 14 00 34 2c
04 27 81 14 00 f2 30
04 28 e1 19 00 06 36
04 29 99 19 00 71 3b
04 30 61 19 00 38 41
04 31 81 19 00 5d 47
04 32 d9 19 00 e2 4d
04 33 a1 19 00 cc 54
04 34 c1 19 00 1d 5c
04 35 39 19 00 d7 63
04 36 c1 19 00 ff 6b
04 37 81 19 00 96 74
04 38 f9 1e 00 a0 7d
04 39 81 1e 00 1f 87
04 40 e1 1e 00 17 91
04 41 19 1e 00 8a 9b
04 42 c1 1e 00 7c a6
04 43 a1 1e 00 ef b1
04 44 d9 1e 00 e6 bd
04 45 a1 1e 00 65 ca
04 46 c1 1e 00 6e d7
04 47 99 1e 00 04 e5
04 48 e1 23 00 2a f3
04 49 00 50 20 e2 01
04 50 79 50 20 31 11
04 51 00 50 20 19 21
04 52 c1 50 20 9d 31
04 53 38 50 20 bf 42
04 54 41 50 20 83 54
04 55 21 50 20 ec 66
04 56 59 50 20 fc 79
04 57 81 50 20 b7 8d
04 58 61 50 20 20 a2
04 59 19 58 20 38 b7
04 60 61 58 20 04 cd
04 61 00 58 20 87 e3
04 62 d9 58 20 c2 fa
04 63 20 58 40 ba 12
04 64 40 58 40 71 2b
04 65 39 58 40 e9 44
04 66 41 58 40 27 5f
04 67 81 58 40 2d 7a
04 68 79 58 40 fe 95
05 00 0a 09 08 18 00
05 01 6a 0b 08 2c 00
05 02 8a 0b 08 4a 00
05 03 0a 0d 08 74 00
05 04 e9 0f 08 ae 00
05 05 0a 0f 08 fb 00
05 06 a9 11 08 5f 01
05 07 f9 13 08 dc 01
05 08 0a 09 08 75 02
05 09 e9 18 08 2f 03
05 10 a9 18 08 0b 04
05 11 c9 18 08 0e 05
05 12 39 20 08 3a 06
05 13 c1 20 08 92 07
05 14 a9 20 08 1a 09
05 15 a9 20 08 d5 0a
05 16 c9 20 08 c6 0c
05 17 39 20 08 f1 0e
05 18 c9 28 08 58 11
05 19 a9 28 08 fe 13
05 20 a9 28 08 e7 16
05 21 c9 28 08 16 1a
05 22 39 28 08 8e 1d
05 23 c9 30 08 53 21
05 24 a9 30 08 67 25
05 25 a9 30 08 cd 29
05 26 c9 30 08 8a 2e
05 27 39 30 08 a0 33
05 28 c9 30 08 12 39
05 29 a9 30 08 e3 3e
05 30 a9 30 08 17 45
05 31 c9 38 08 b0 4b
05 32 39 38 08 b3 52
05 33 c9 38 08 21 5a
05 34 a9 40 08 ff 61
05 35 a9 40 08 50 6a
05 36 c9 40 08 16 73
05 37 b9 48 08 55 7c
05 38 0a 48 08 10 86
05 39 e9 48 08 4a 90
05 40 a9 48 08 06 9b
05 41 c9 48 08 48 a6
05 42 b9 48 08 13 b2
05 43 0a 48 08 6a be
05 44 e9 48 08 50 cb
05 45 a9 50 08 c8 d8
05 46 c9 50 08 d5 e6
05 47 b9 50 08 7b f5
05 48 0a 50 28 be 04
05 49 69 50 28 9f 14
05 50 a1 50 28 22 25
05 51 49 50 28 4a 36
05 52 b9 50 28 1b 48
05 53 00 50 28 98 5a
05 54 69 50 28 c4 6d
05 55 a1 50 28 a2 81
05 56 49 50 28 35 96
05 57 b1 50 28 80 ab
05 58 09 58 28 88 c1
05 59 61 58 28 4d d8
05 60 a9 58 28 d5 ef
05 61 41 58 48 22 08
05 62 b9 58 48 38 21
05 63 01 58 48 19 3b
05 64 69 58 48 c8 55
05 65 a1 58 48 4a 71
05 66 49 58 48 a0 8d
05 67 31 58 48 cf aa
05 68 89 60 48 da c8
06 00 61 07 00 14 00
06 01 a1 0d 00 26 00
06 02 41 14 00 42 00
06 03 a1 19 00 6b 00
06 04 61 1d 00 a5 00
06 05 e1 23 00 f0 00
06 06 a1 26 00 54 01
06 07 61 29 00 d2 01
06 08 a1 40 00 6b 02
06 09 e1 28 00 26 03
06 10 a1 28 00 05 04
06 11 e1 30 00 0a 05
06 12 a1 30 00 39 06
06 13 e1 38 00 96 07
06 14 a1 38 00 23 09
06 15 e1 40 00 e5 0a
06 16 a1 40 00 dd 0c
06 17 e1 48 00 0f 0f
06 18 a2 48 00 80 11
06 19 c1 48 00 30 14
06 20 a1 50 00 25 17
06 21 e1 50 00 62 1a
06 22 a2 50 00 e8 1d
06 23 c1 58 00 bd 21
06 24 a1 58 00 e3 25
06 25 e1 58 00 5c 2a
06 26 a2 58 00 2e 2f
06 27 c1 58 00 5a 34
06 28 a2 58 00 e4 39
06 29 c1 60 00 cf 3f
06 30 a1 60 00 1e 46
06 31 a2 68 00 d5 4c
06 32 c1 68 00 f8 53
06 33 a2 70 00 88 5b
06 34 c1 70 00 8a 63
06 35 a1 78 00 00 6c
06 36 a2 78 00 ee 74
06 37 c1 80 00 58 7e
06 38 a2 80 00 40 88
06 39 c1 80 00 a9 92
06 40 a2 88 00 97 9d
06 41 c1 88 00 0d a9
06 42 a2 88 00 0f b5
06 43 c1 90 00 9f c1
06 44 a2 90 00 c1 ce
06 45 c1 90 00 78 dc
06 46 a2 90 00 c7 ea
06 47 c1 90 00 b2 f9
06 48 a2 90 20 3c 09
06 49 c1 90 20 67 19
06 50 a2 90 20 38 2a
06 51 c1 90 20 b1 3b
06 52 a2 90 20 d6 4d
06 53 c1 90 20 aa 60
06 54 a2 90 20 30 74
06 55 c1 90 20 6c 88
06 56 a2 90 20 60 9d
06 57 c1 90 20 10 b3
06 58 a2 98 20 80 c9
06 59 e1 00 20 b1 e0
06 60 a1 00 20 a9 f8
06 61 e1 00 40 69 11
06 62 a1 00 40 f5 2a
06 63 e1 00 40 51 45
06 64 a1 00 40 7f 60
06 65 e1 00 40 84 7c
06 66 a1 00 40 61 99
06 67 e1 00 40 1b b7
06 68 a1 00 40 b4 d5
07 00 11 00 03 19 00
07 01 11 03 05 29 00
07 02 b1 05 05 46 00
07 03 91 06 05 6b 00
07 04 31 09 06 a1 00
07 05 b1 0b 06 e7 00
07 06 91 0c 06 3f 01
07 07 f9 0e 07 b0 01
07 08 91 0f 04 3b 02
07 09 b1 10 08 df 02
07 10 b1 10 08 a4 03
07 11 d1 10 08 8a 04
07 12 b1 18 08 95 05
07 13 19 18 08 c8 06
07 14 b1 18 08 25 08
07 15 f1 18 08 af 09
07 16 91 20 08 69 0b
07 17 b1 20 08 55 0d
07 18 59 20 08 78 0f
07 19 b1 20 08 d2 11
07 20 31 20 08 68 14
07 21 d1 20 08 3c 17
07 22 31 20 08 51 1a
07 23 99 20 08 a9 1d
07 24 71 20 08 48 21
07 25 b1 20 08 31 25
07 26 11 20 08 65 29
07 27 f1 20 08 e8 2d
07 28 19 28 08 be 32
07 29 31 28 08 fb 37
07 30 71 28 08 68 3d
07 31 11 28 08 44 43
07 32 b1 28 08 7c 49
07 33 59 30 08 15 50
07 34 31 30 08 10 57
07 35 31 30 08 70 5e
07 36 51 30 08 39 66
07 37 b1 30 08 6d 6e
07 38 19 30 08 10 77
07 39 71 30 08 22 80
07 40 31 30 08 a9 89
07 41 11 38 08 a6 93
07 42 f1 38 08 1c 9e
07 43 19 38 08 0e a9
07 44 31 38 08 7f b4
07 45 71 38 08 72 c0
07 46 11 38 08 ea cc
07 47 b1 38 08 e9 d9
07 48 59 38 08 72 e7
07 49 59 38 08 87 f5
07 50 71 38 28 2d 04
07 51 91 38 28 66 13
07 52 31 38 28 34 23
07 53 d9 40 28 9a 33
07 54 31 40 28 9b 44
07 55 f1 40 28 3a 56
07 56 11 40 28 7a 68
07 57 b1 40 28 5e 7b
07 58 59 40 28 e8 8e
07 59 b1 40 28 1b a3
07 60 71 40 28 fa b7
07 61 91 40 28 88 cd
07 62 31 40 28 c7 e3
07 63 d9 40 28 bb fa
07 64 31 40 48 67 12
07 65 f1 40 48 cc 2a
07 66 11 40 48 ef 43
07 67 b1 40 48 d1 5d
07 68 59 48 48 76 78
08 00 0a 05 03 45 01
08 01 87 06 05 ec 00
08 02 c9 07 05 c6 00
08 03 29 08 05 b6 00
08 04 09 09 06 bd 00
08 05 69 0a 06 dd 00
08 06 19 0b 06 18 01
08 07 c9 0c 07 45 01
08 08 29 0a 04 01 00
08 09 49 10 08 df 02
08 10 a9 10 08 a4 03
08 11 49 10 08 8a 04
08 12 09 10 08 95 05
08 13 f9 10 08 c8 06
08 14 09 18 08 25 08
08 15 e9 18 08 af 09
08 16 09 18 08 69 0b
08 17 49 18 08 55 0d
08 18 b9 18 08 78 0f
08 19 49 18 08 d2 11
08 20 a9 18 08 68 14
08 21 49 18 08 3c 17
08 22 09 20 08 51 1a
08 23 f9 20 08 a9 1d
08 24 09 20 08 48 21
08 25 69 20 08 31 25
08 26 89 20 08 65 29
08 27 49 20 08 e8 2d
08 28 39 20 08 be 32
08 29 49 20 08 e7 37
08 30 a9 28 08 68 3d
08 31 09 28 08 44 43
08 32 49 28 08 7c 49
08 33 39 28 08 15 50
08 34 09 28 08 10 57
08 35 e9 28 08 70 5e
08 36 09 28 08 39 66
08 37 09 28 08 6d 6e
08 38 79 30 08 10 77
08 39 09 30 08 22 80
08 40 69 30 08 a9 89
08 41 09 30 08 a6 93
08 42 89 30 08 1c 9e
08 43 79 30 08 0e a9
08 44 09 30 08 7f b4
08 45 69 30 08 72 c0
08 46 09 38 08 ea cc
08 47 09 38 08 e9 d9
08 48 f9 38 08 72 e7
08 49 09 38 08 87 f5
08 50 49 38 28 2d 04
08 51 29 38 28 66 13
08 52 09 38 28 34 23
08 53 d9 38 28 9a 33
08 54 29 38 28 9b 44
08 55 49 38 28 9b 44
08 56 09 38 28 7a 68
08 57 29 38 28 5e 7b
08 58 d9 38 28 e8 8e
08 59 09 38 28 1b a3
08 60 69 38 28 fa b7
08 61 09 38 28 88 cd
08 62 09 38 28 c7 e3
08 63 f9 40 28 bb fa
08 64 09 40 48 67 12
08 65 49 40 48 cc 2a
08 66 29 40 48 ef 43
08 67 09 40 48 d1 5d
08 68 d9 40 48 76 78
0a 00 08 10 04 17 00
0a 01 11 10 04 2a 00
0a 02 a9 10 04 46 00
0a 03 41 10 04 6d 00
0a 04 19 10 04 a3 00
0a 05 a9 10 04 e9 00
0a 06 19 10 04 44 01
0a 07 a1 10 04 b6 01
0a 08 59 18 04 42 02
0a 09 a1 18 04 ea 02
0a 10 09 18 04 b1 03
0a 11 b1 18 04 9c 04
0a 12 00 18 04 ab 05
0a 13 a9 18 04 e3 06
0a 14 10 18 04 45 08
0a 15 a9 18 04 d6 09
0a 16 b1 18 04 97 0b
0a 17 a1 18 04 8c 0d
0a 18 f9 18 04 b8 0f
0a 19 a1 20 04 1c 12
0a 20 d9 20 04 bd 14
0a 21 a2 20 04 9d 17
0a 22 f1 20 04 bf 1a
0a 23 a9 20 04 26 1e
0a 24 f1 20 04 d5 21
0a 25 a9 20 04 ce 25
0a 26 d1 20 04 15 2a
0a 27 a2 20 04 ab 2e
0a 28 f9 20 04 96 33
0a 29 a1 28 04 d6 38
0a 30 d9 30 04 6f 3e
0a 31 a2 38 04 63 44
0a 32 d9 40 04 b7 4a
0a 33 a2 48 04 6c 51
0a 34 f9 48 04 85 58
0a 35 a1 50 04 06 60
0a 36 d9 50 04 f0 67
0a 37 a2 58 04 48 70
0a 38 d9 58 04 10 79
0a 39 a2 60 04 4a 82
0a 40 d9 60 04 fa 8b
0a 41 a2 60 04 22 96
0a 42 d9 60 04 c5 a0
0a 43 a2 60 04 e7 ab
0a 44 d9 68 04 8a b7
0a 45 a2 68 04 b1 c3
0a 46 d9 68 04 5e d0
0a 47 a2 68 04 96 dd
0a 48 d9 68 04 5a eb
0a 49 a2 68 04 ad f9
0a 50 d9 68 24 92 08
0a 51 a2 68 24 0d 18
0a 52 d9 68 24 1f 28
0a 53 a2 68 24 cd 38
0a 54 d9 68 24 18 4a
0a 55 a2 68 24 04 5c
0a 56 d9 68 24 93 6e
0a 57 a2 68 24 c9 81
0a 58 f9 68 24 a8 95
0a 59 a1 70 24 32 aa
0a 60 e9 70 24 6c bf
0a 61 b1 70 24 58 d5
0a 62 e9 70 24 f8 eb
0a 63 b1 70 44 50 03
0a 64 e9 70 44 63 1b
0a 65 b1 70 44 32 34
0a 66 e9 70 44 c2 4d
0a 67 b1 70 44 15 68
0a 68 e9 80 48 2e 83
0d 00 a2 1b 00 1c 00
0d 01 e1 1b 00 32 00
0d 02 a1 1b 00 53 00
0d 03 e1 1c 00 80 00
0d 04 a2 1e 00 bf 00
0d 05 e1 1e 00 10 01
0d 06 22 20 00 79 01
0d 07 e1 22 00 fc 01
0d 08 82 23 00 9e 02
0d 09 22 25 00 60 03
0d 10 e1 27 00 45 04
0d 11 a1 29 00 54 05
0d 12 21 2b 00 8d 06
0d 13 e1 2e 00 f4 07
0d 14 a1 30 00 8c 09
0d 15 a1 33 00 5a 0b
0d 16 e1 35 00 5f 0d
0d 17 21 37 00 a0 0f
0d 18 a1 32 00 20 12
0d 19 e1 40 00 e1 14
0d 20 a1 40 00 e8 17
0d 21 a1 48 00 37 1b
0d 22 e1 48 00 d3 1e
0d 23 a2 48 00 bd 22
0d 24 c1 50 00 fa 26
0d 25 a1 50 00 8d 2b
0d 26 a1 50 00 79 30
0d 27 e1 50 00 c1 35
0d 28 a2 58 00 6a 3b
0d 29 81 58 00 75 41
0d 30 e1 58 00 e6 47
0d 31 a1 60 00 c1 4e
0d 32 a2 60 00 09 56
0d 33 c1 60 00 c1 5d
0d 34 a1 68 00 ec 65
0d 35 a2 68 00 8f 6e
0d 36 c1 68 00 ab 77
0d 37 a1 70 00 45 81
0d 38 a2 70 00 60 8b
0d 39 c1 70 00 fe 95
0d 40 a2 78 00 24 a1
0d 41 c1 78 00 d4 ac
0d 42 a2 78 00 13 b9
0d 43 c1 78 00 e2 c5
0d 44 a2 80 00 46 d3
0d 45 c1 80 00 42 e1
0d 46 a2 80 00 d9 ef
0d 47 c1 88 00 0e ff
0d 48 a2 88 20 e6 0e
0d 49 a1 88 20 62 1f
0d 50 e1 88 20 86 30
0d 51 a1 88 20 56 42
0d 52 e1 88 20 d5 54
0d 53 a1 88 20 06 68
0d 54 a1 88 20 ec 7b
0d 55 e1 88 20 8c 90
0d 56 a1 88 20 e7 a5
0d 57 e1 88 20 02 bc
0d 58 a1 90 20 e0 d2
0d 59 21 90 20 83 ea
0d 60 e1 90 40 f0 02
0d 61 a1 90 40 29 1c
0d 62 61 90 40 33 36
0d 63 a1 90 40 0f 51
0d 64 21 90 40 c2 6c
0d 65 e1 90 40 4f 89
0d 66 a1 90 40 b9 a6
0d 67 61 90 40 03 c5
0d 68 a1 98 40 32 e4
11 00 e9 01 00 68 00
11 01 c2 05 00 a2 00
11 02 17 09 00 e5 00
11 03 e1 0c 01 34 01
11 04 c1 10 02 8f 01
11 05 e1 13 01 fb 01
11 06 61 16 02 7b 02
11 07 c1 18 02 11 03
11 08 e1 1c 02 c0 03
11 09 61 1d 03 8a 04
11 10 c1 20 02 72 05
11 11 69 22 03 7c 06
11 12 e1 24 03 aa 07
11 13 c1 26 03 fe 08
11 14 31 28 03 7c 0a
11 15 e1 29 04 25 0c
11 16 c9 2a 03 fe 0d
11 17 61 2d 04 09 10
11 18 b1 2d 03 47 12
11 19 c1 2f 04 be 14
11 20 f1 30 04 6d 17
11 21 e9 31 03 5a 1a
11 22 21 32 04 87 1d
11 23 d1 33 04 f5 20
11 24 e9 32 04 a8 24
11 25 f1 32 04 a4 28
11 26 81 3a 04 e9 2c
11 27 f1 3a 04 7c 31
11 28 e9 3a 04 60 36
11 29 91 3a 04 95 3b
11 30 e1 3a 04 21 41
11 31 f9 3a 04 05 47
11 32 c1 3a 04 43 4d
11 33 b1 3a 04 e0 53
11 34 e9 3a 04 dd 5a
11 35 d1 3a 04 3e 62
11 36 a1 3a 04 05 6a
11 37 f1 42 04 34 72
11 38 c9 42 04 d0 7a
11 39 b1 42 04 d9 83
11 40 e1 42 04 54 8d
11 41 d9 42 04 43 97
11 42 a1 42 04 a8 a1
11 43 f1 42 04 87 ac
11 44 c9 4a 04 e2 b7
11 45 b1 4a 04 bc c3
11 46 e1 4a 04 18 d0
11 47 d1 4a 04 f8 dc
11 48 e9 4a 04 60 ea
11 49 b1 4a 04 51 f8
11 50 c1 4a 24 cf 06
11 51 71 4a 24 dd 15
11 52 a9 4a 24 7d 25
11 53 d1 52 24 b2 35
11 54 61 52 24 7f 46
11 55 b1 52 24 e6 57
11 56 c9 52 24 eb 69
11 57 71 52 24 90 7c
11 58 a1 5a 24 d8 8f
11 59 d1 5a 24 c5 a3
11 60 69 5a 24 5a b8
11 61 b1 5a 24 9b cd
11 62 c1 5a 24 8a e3
11 63 71 5a 24 29 fa
11 64 a9 62 44 7c 11
11 65 d1 62 44 84 29
11 66 61 62 44 46 42
11 67 b1 62 44 c4 5b
11 68 c9 62 44 00 76
